[Camera]
PosX = 0.000000
PosY = 1.100000
PosZ = -3.000000
DirX = 0.000000
DirY = -0.009999
DirZ = 0.999950
UpX = 0.000000
UpY = 0.999950
UpZ = 0.009999
DemoDist = 2.000000

[Character]
PosX = 0.000000
PosY = 0.000000
PosZ = 0.100000

